$ANSIBLE_VAULT;1.1;AES256
36643732666635363030363366386631353934653632643838326361396139313432653864613531
3364633936666334356464323166663233323436363062610a353536313263353962363937333031
39643765653064633137323562363062336161353336356633366665353638653530343338303063
6661313466353530340a336130393331653638373262323036663366333365326332366166386135
32393261393565353436306666663936383362376335326332623036316633373134633335326232
33316461656334333666363631383665376138636235353931353565613633316261346535613633
62646431333033636462336566303230343834323565396636643937613234336534643663356131
38373361336333393332653963633964656166383737353036373933633439346531316333663861
61393464383761353465626639353638366435393462646164336264636239383565646336343461
61353266636166333862636432363161646338623931663831643062666535303763336130386236
32363432626538343536303734616236366133663136353866646437623136323062363731363864
61316538373938666535626439336565623033313231383032383331656236323734356539656137
66653633343138326437353837646263336638656139636461323262303063303634656639333564
35666262653164366438666133363161633332343334396263323937303566376635326366393364
62363265393732626131623133623166303562383933353062306135666166383633623463613537
35623432376261373864393862323763316661613261323666613562623035303266663563373735
30393936393133346536623231333763636339623365613333383366633631326538623230343162
31396537656461396538653862633137353632616330633831656537313063333664353935623362
35396131343064306339646634306263383366313635376462623962316136653435346632616164
35613933333764346466623838646437313366313737653639633039313765306438303039366261
61316362376464616239663665316433366662646537313837386230303164373361316561313737
37346263323464353731363533633231316135616436376361666537333864336363336638663966
37316233633236343063303330393732376632303732303130666164633238623133396538383039
30643835373866356666623564323962306639383736303039633835643931666435356161313063
63363632623261616439306237643637643931356139613130323733383337633934653962633634
63626133633537346538613633373431383433393139386130653663663733346334353236653131
61633531623131646330393133636339326332363565663566353534373731303330383437346339
36333432393732333566
